(0, 3, -1, -1, -1, [-1], 2, 0, 2, 0)
(0, 3, -1, -1, -1, [-1], 2, 0, 2, 0)
(0, 3, -1, -1, -1, [-1], 2, 0, 2, 0)
(0, 3, -1, -1, -1, [-1], 2, 0, 2, 0)
(0, 3, -1, -1, -1, [-1], 2, 0, 2, 0)
(0, 3, -1, -1, -1, [-1], 2, 0, 2, 0)
(0, 3, -1, -1, -1, [-1], 2, 0, 2, 0)
(0, 3, -1, -1, -1, [-1], 2, 0, 2, 0)
(0, 3, -1, -1, -1, [-1], 2, 0, 2, 0)
(0, 3, -1, -1, -1, [-1], 2, 0, 2, 0)
(0.4911868497913349, 2, 0, 0, 2, [-1], 96, 4, 0, 2)
(0.4911868497913349,)
(0.4911868497913349,)
(0.4911868497913349,)
(0.4911868497913349,)
(0.4911868497913349,)
(0, 3, -1, -1, -1, [-1], 2, 0, 2, 0)
(0.4911868497913349,)
(0.4911868497913349,)
(0.4911868497913349,)
(0.4911868497913349,)
(0.4911868497913349,)
(0.4911868497913349,)
(0.4911868497913349,)
(0.4911868497913349,)
(0.4911868497913349,)
(0.6888551943359122,)
(0.4911868497913349,)
(0.6888551943359122,)
(0.9857202901549829,)
(0.2036404460606003,)
(0.5875775567487878,)
(0.9807763553283119,)
(0.18867549441605322,)
(0.7044539487313805,)
(0.8478464501767815,)
(0.7987422023007866,)
(0.8600421735535879,)
(0.5223271402615347,)
(0.05140910336290035,)
(0.3036210454583582,)
(0.15064543996423108,)
(0.08754344659268284,)
(0.868453570245866,)
(0.6626513619540215,)
(0.36368221406835965,)
(0.9658255201804652,)
(0.17346375778387266,)
(0.9200214261290488,)
(0.7852395722080067,)
(0.18500986140589096,)
(0.5107107342024392,)
(0.265098299860312,)
(0.9898392135775099,)
(0.6977530508040707,)
(0.6028854970754479,)
(0.09153500079527549,)
(0.2643357996479233,)
(0.9555246869031594,)
(0.734290679886431,)
(0.07922048256743996,)
(0.010794506077907367,)
(0.9694707543676915,)
(0.435887986714163,)
(0.24817366057279114,)
(0.4110538383969908,)
(0.1489998591646591,)
(0.951586303939051,)
(0.9559289973212433,)
(0.6474181797469889,)
(0.22445881022942615,)
(0.5392882679069829,)
(0.19654777111270863,)
(0.5845474716060748,)
(0.6125071027393065,)
(0.7014816078996925,)
(0.21451963569909585,)
(0.4911868497913349,)
(0.6888551943359122,)
(0.9857202901549829,)
(0.2036404460606003,)
(0.5875775567487878,)
(0.9807763553283119,)
(0.18867549441605322,)
(0.7044539487313805,)
(0.8478464501767815,)
(0.7987422023007866,)
(0.4911868497913349,)
(0.6888551943359122,)
(0.9857202901549829,)
(0.4911868497913349,)
(0.6888551943359122,)
(0.9857202901549829,)
(0.2036404460606003,)
(0.5875775567487878,)
(0.9807763553283119,)
(0.18867549441605322,)
(0.7044539487313805,)
(0.8478464501767815,)
(0.7987422023007866,)
(0.4911868497913349,)
(0.6888551943359122,)
(0.9857202901549829,)
(0.2036404460606003,)
(0.5875775567487878,)
(0.9807763553283119,)
(0.18867549441605322,)
(0.7044539487313805,)
(0.8478464501767815,)
(0.7987422023007866,)
(0.4911868497913349,)
(0.6888551943359122,)
(0.9857202901549829,)
(0.2036404460606003,)
(0.5875775567487878,)
(0.9807763553283119,)
(0.18867549441605322,)
(0.7044539487313805,)
(0.8478464501767815,)
(0.7987422023007866,)
(0.4911868497913349,)
(0.6888551943359122,)
(0.9857202901549829,)
(0.2036404460606003,)
(0.5875775567487878,)
(0.9807763553283119,)
(0.18867549441605322,)
(0.7044539487313805,)
(0.8478464501767815,)
(0.7987422023007866,)
(0.625,)
(0.625,)
(0.625,)
(0.625,)
(0.625, 0.5, 0.375, 0.125, 0.125, 0.33, 0.33, 1, 1)
(0.5, 1.0, 0.25, 1.0, 1.0, 1, 0.33, 1, 1)
(1.0, 0.75, 1.0, 0.5, 1.0, 1, 1, 1, 1)
(0.375, 0.125, 1.0, 0.25, 0.75, 0.33, 1, 1, 0.33)
(0.625, 0.5, 0.375, 0.75, 0.625, 0.33, 1, 1, 0.33)
(0.625, 0.5, 0.375, 0.125, 0.125, 0.33, 0.33, 1, 1)
(0.5, 1.0, 0.25, 1.0, 1.0, 1, 0.33, 1, 1)
(1.0, 0.75, 1.0, 0.5, 1.0, 1, 1, 1, 1)
(0.375, 0.125, 1.0, 0.25, 0.75, 0.33, 1, 1, 0.33)
(0.625, 0.5, 0.375, 0.75, 0.625, 0.33, 1, 1, 0.33)
(0.625, 0.5, 0.375, 0.125, 0.125, 0.33, 0.33, 1.0, 1.0)
(0.5, 1.0, 0.25, 1.0, 1.0, 1.0, 0.33, 1.0, 1.0)
(1.0, 0.75, 1.0, 0.5, 1.0, 1.0, 1.0, 1.0, 1.0)
(0.375, 0.125, 1.0, 0.25, 0.75, 0.33, 1.0, 1.0, 0.33)
(0.625, 0.5, 0.375, 0.75, 0.625, 0.33, 1.0, 1.0, 0.33)
(0.625, 0.5, 0.375, 0.125, 0.125, 0.33, 0.33, 1.0, 1.0)
(0.5, 1.0, 0.25, 1.0, 1.0, 1.0, 0.33, 1.0, 1.0)
(1.0, 0.75, 1.0, 0.5, 1.0, 1.0, 1.0, 1.0, 1.0)
(0.375, 0.125, 1.0, 0.25, 0.75, 0.33, 1.0, 1.0, 0.33)
(0.625, 0.5, 0.375, 0.75, 0.625, 0.33, 1.0, 1.0, 0.33)
(0.5, 1.0, 0.25, 1.0, 1.0, 1.0, 0.33, 1.0, 1.0)
(0.625, 0.5, 0.375, 0.75, 0.625, 0.33, 1.0, 1.0, 0.33)
(0.625, 0.5, 0.375, 0.125, 0.125, 0.33, 0.33, 1.0, 1.0)
(0.375, 0.125, 1.0, 0.25, 0.75, 112, 1.0, 1.0, 0.33)
(0.625, 0.5, 0.375, 0.125, 0.125, 0.33, 0.33, 1.0, 1.0)
(0.5, 1.0, 0.25, 1.0, 1.0, 1.0, 0.33, 1.0, 1.0)
(1.0, 0.75, 1.0, 0.5, 1.0, 1.0, 1.0, 1.0, 1.0)
(0.375, 0.125, 1.0, 0.25, 0.75, 0.33, 1.0, 1.0, 0.33)
(0.625, 0.5, 0.375, 0.75, 0.625, 0.33, 1.0, 1.0, 0.33)
(0.625, 0.5, 0.375, 0.125, 0.125, 0.33, 0.33, 1.0, 1.0)
(0.5, 1.0, 0.25, 1.0, 1.0, 1.0, 0.33, 1.0, 1.0)
(1.0, 0.75, 1.0, 0.5, 1.0, 1.0, 1.0, 1.0, 1.0)
(0.375, 0.125, 1.0, 0.25, 0.75, 0.33, 1.0, 1.0, 0.33)
(0.625, 0.5, 0.375, 0.75, 0.625, 0.33, 1.0, 1.0, 0.33)
(0.625, 0.5, 0.375, 0.125, 0.125, 0.33, 0.33, 1.0, 1.0)
(0.5, 1.0, 0.25, 1.0, 1.0, 1.0, 0.33, 1.0, 1.0)
(1.0, 0.75, 1.0, 0.5, 1.0, 1.0, 1.0, 1.0, 1.0)
(0.375, 0.125, 1.0, 0.25, 0.75, 0.33, 1.0, 1.0, 0.33)
(0.625, 0.5, 0.375, 0.75, 0.625, 0.33, 1.0, 1.0, 0.33)
(0.625, 0.5, 0.375, 0.125, 0.125, 0.33, 0.33, 1.0, 1.0)
(0.5, 1.0, 0.25, 1.0, 1.0, 1.0, 0.33, 1.0, 1.0)
(1.0, 0.75, 1.0, 0.5, 1.0, 1.0, 1.0, 1.0, 1.0)
(0.375, 0.125, 1.0, 0.25, 0.75, 0.33, 1.0, 1.0, 0.33)
(0.625, 0.5, 0.375, 0.75, 0.625, 0.33, 1.0, 1.0, 0.33)
(0.5, 1.0, 0.25, 1.0, 1.0, 1.0, 0.33, 1.0, 1.0)
(0.625, 0.5, 0.375, 0.75, 0.625, 0.33, 1.0, 1.0, 0.33)
(0.625, 0.5, 0.375, 0.125, 0.125, 0.33, 0.33, 1.0, 0.33)
(0.625, 0.5, 0.375, 0.125, 0.125, 0.33, 0.33, 1.0, 1.0)
(0.5, 1.0, 0.25, 1.0, 1.0, 1.0, 0.33, 1.0, 1.0)
(1.0, 0.75, 1.0, 0.5, 1.0, 1.0, 1.0, 1.0, 1.0)
(0.375, 0.125, 1.0, 0.25, 0.75, 0.33, 1.0, 1.0, 0.33)
(0.625, 0.5, 0.375, 0.75, 0.625, 0.33, 1.0, 1.0, 0.33)
(0.5, 1.0, 0.25, 1.0, 1.0, 1.0, 0.33, 1.0, 1.0)
(0.625, 0.5, 0.375, 0.75, 0.625, 0.33, 1.0, 1.0, 0.33)
(0.625, 0.5, 0.375, 0.125, 0.125, 0.33, 0.33, 1.0, 0.33)
